# R script for Peak Model
#  -- generated by MACS
p <- c(0.0420371981216,0.0486914882352,0.0554737454664,0.0622879944769,0.0694221612814,0.0691342352669,0.0695181366196,0.0691342352669,0.0692302106051,0.0689422845906,0.068654358576,0.0687503339142,0.0690062681493,0.0691022434875,0.0684943996791,0.0685903750172,0.0686223667966,0.068814317473,0.0686863503554,0.0683664325615,0.0685583832378,0.068654358576,0.0683664325615,0.0684304161203,0.0689102928112,0.0691342352669,0.0683984243409,0.0683024490027,0.068078506547,0.0683984243409,0.068078506547,0.0681104983264,0.0678225723118,0.068078506547,0.0678545640912,0.0675026545179,0.06791854765,0.0681104983264,0.0679825312088,0.0682384654439,0.0685583832378,0.0686223667966,0.069390169502,0.0691662270463,0.0691022434875,0.0697740708548,0.0698380544135,0.0701899639869,0.0702219557662,0.0700619968693,0.0700300050899,0.0693581777227,0.0689102928112,0.0684624078997,0.0684943996791,0.0682704572233,0.0679825312088,0.0675986298561,0.06791854765,0.0675666380767,0.0672787120621,0.068078506547,0.0679825312088,0.0682704572233,0.0681104983264,0.0682704572233,0.0683024490027,0.0681424901057,0.0684624078997,0.0687503339142,0.0692622023845,0.0691022434875,0.0692622023845,0.0690702517081,0.0696141119578,0.0690702517081,0.0690062681493,0.0691982188257,0.0692622023845,0.0691662270463,0.0695821201784,0.0696780955166,0.0697420790754,0.0704778900014,0.0707978077953,0.071181709148,0.0713736598244,0.0711497173686,0.0708617913541,0.0705738653396,0.0701579722075,0.0699980133105,0.0700619968693,0.0696780955166,0.0694221612814,0.0690702517081,0.0691022434875,0.0695821201784,0.0698700461929,0.0699980133105,0.0699020379723,0.0700939886487,0.0697740708548,0.0697740708548,0.0692302106051,0.0696461037372,0.0693581777227,0.0691342352669,0.0689742763699,0.0686223667966,0.0684304161203,0.0683344407821,0.0689422845906,0.0692622023845,0.0696780955166,0.0693261859433,0.0694861448402,0.0700300050899,0.0698060626341,0.0703499228838,0.0703819146632,0.0704139064426,0.0696141119578,0.0691022434875,0.0693261859433,0.0697420790754,0.070285939325,0.0698700461929,0.0696780955166,0.0699340297517,0.0699340297517,0.070285939325,0.0707658160159,0.0705098817808,0.0696780955166,0.0694541530608,0.0693261859433,0.0689102928112,0.0689102928112,0.0686223667966,0.0687503339142,0.0683344407821,0.0682064736645,0.0684304161203,0.0686863503554,0.0691022434875,0.0689102928112,0.0693581777227,0.0696141119578,0.0696141119578,0.0691982188257,0.0692941941639,0.0687183421348,0.0689102928112,0.0690702517081,0.0689102928112,0.0692302106051,0.0686863503554,0.0691662270463,0.0684943996791,0.0685903750172,0.0687183421348,0.0693581777227,0.0696780955166,0.0696780955166,0.0700300050899,0.0696461037372,0.0695821201784,0.0693581777227,0.0702219557662,0.0711177255892,0.0712776844862,0.0718535365153,0.0721734543092,0.0725893474413,0.0720454871916,0.072237437868,0.0732291830291,0.0731651994703,0.073133207691,0.0726213392207,0.0720454871916,0.0713736598244,0.0710537420304,0.0707978077953,0.0707658160159,0.070445898222,0.0699020379723,0.0696141119578,0.0696461037372,0.0694541530608,0.0696461037372,0.0702219557662,0.0699980133105,0.0695821201784,0.0696780955166,0.0698060626341,0.0697740708548,0.0702539475456,0.0696780955166,0.0699340297517,0.0698060626341,0.0693581777227,0.0696780955166,0.0704139064426,0.0703819146632,0.0707018324571,0.0711497173686,0.0710857338098,0.0719495118534,0.072077478971,0.0719495118534,0.0724933721031,0.0720454871916,0.072077478971,0.0723014214268,0.0723654049855,0.0723334132061,0.0723014214268,0.0721734543092,0.0722054460886,0.072813289897,0.0725253638825,0.0729092652352,0.0728452816764,0.0728452816764,0.072813289897,0.0731971912497,0.073133207691,0.0727493063382,0.0728772734558,0.0728772734558,0.0728452816764,0.0730052405734,0.0725573556619,0.0723014214268,0.0722694296474,0.0713736598244,0.0711497173686,0.071341668045,0.0708937831335,0.0704139064426,0.0702219557662,0.0700300050899,0.0700300050899,0.0705098817808,0.0703179311044,0.070445898222,0.0705418735602,0.0707658160159,0.0710537420304,0.0709897584717,0.071341668045,0.0712456927068,0.0713736598244,0.0715016269419,0.0714376433832,0.072077478971,0.0723014214268,0.0721414625298,0.0727173145589,0.0732611748085,0.0732931665879,0.0732291830291,0.0733251583673,0.0731012159116,0.0734531254849,0.0731971912497,0.0733891419261,0.0738050350582,0.0735810926024,0.07370905972,0.0743808870873,0.0749567391163,0.075500599366,0.0756925500423,0.0756925500423,0.0760124678363,0.0761404349538,0.0756605582629,0.0756605582629,0.0758845007187,0.0749887308957,0.074604829543,0.0741889364109,0.0741569446315,0.0741249528521,0.0736130843818,0.0737730432788,0.0740929610727,0.0738370268376,0.0737730432788,0.0743808870873,0.0748287719987,0.0750207226751,0.0750207226751,0.0750207226751,0.0758205171599,0.0755325911454,0.0755965747042,0.0764283609684,0.0765243363065,0.0762684020714,0.0763323856302,0.0767162869829,0.0769402294386,0.0770681965562,0.0766523034241,0.0766203116447,0.076972221218,0.0766523034241,0.0769082376593,0.0776440485853,0.0784758348495,0.0783798595113,0.0780599417174,0.0782518923937,0.0792116457755,0.0800114402603,0.0800434320397,0.0799794484809,0.0801394073779,0.0800114402603,0.0791476622167,0.0801713991573,0.08055530051,0.0809072100833,0.0801713991573,0.0799794484809,0.08055530051,0.0804273333924,0.0802993662748,0.0802353827161,0.0802993662748,0.0796915224664,0.0802033909367,0.0799474567015,0.0800434320397,0.0800434320397,0.0797235142458,0.08055530051,0.0811951360978,0.0815150538918,0.0818669634651,0.0824428154941,0.082186881259,0.0826027743911,0.0830506593026,0.0826987497293,0.0826027743911,0.0826027743911,0.0820589141414,0.0819309470239,0.0819949305826,0.0815150538918,0.0818349716857,0.0816110292299,0.0814830621124,0.0822828565972,0.0827627332881,0.0822188730384,0.0831146428614,0.083818462008,0.0844902893752,0.0849061825073,0.0846182564928,0.0850661414043,0.0854180509776,0.0849061825073,0.084714231831,0.0852900838601,0.084554272934,0.0850661414043,0.0850341496249,0.0851941085219,0.0861218701243,0.0860258947861,0.086185853683,0.086505771477,0.0875295084175,0.0876574755351,0.0885852371375,0.0881693440054,0.0885852371375,0.089033122049,0.0890971056077,0.0900568589895,0.0898009247544,0.0903767767834,0.0895769822986,0.0901208425483,0.0898009247544,0.0900568589895,0.089608974078,0.0899288918719,0.0904087685628,0.0897369411956,0.0904727521216,0.0912085630476,0.0919443739737,0.0920403493118,0.0924242506645,0.0921683164294,0.0929681109142,0.0924562424439,0.0920083575324,0.0930640862524,0.0934159958257,0.0930001026936,0.0935759547227,0.0934799793845,0.0945676998838,0.0951755436923,0.0953674943686,0.0961992806328,0.0965191984268,0.0962632641916,0.096455214868,0.0969990751177,0.0970310668971,0.097350984691,0.0969670833383,0.09792683672,0.0984387051903,0.0987906147636,0.0993664667927,0.100134269498,0.100742113307,0.1010620311,0.10163788313,0.102501661173,0.102821578967,0.102469669394,0.102213735159,0.1021497516,0.103013529643,0.103141496761,0.103269463879,0.104005274805,0.104485151495,0.104869052848,0.10531693776,0.105668847333,0.106916526729,0.107268436303,0.107268436303,0.107876280111,0.108132214346,0.108228189684,0.108068230787,0.108580099258,0.109155951287,0.109955745772,0.109667819757,0.110467614242,0.110915499153,0.111555334741,0.112259153888,0.111843260756,0.112483096344,0.113090940152,0.112930981255,0.112930981255,0.112866997696,0.11267504702,0.112866997696,0.112323137447,0.112483096344,0.113058948373,0.112898989476,0.112323137447,0.112611063461,0.112962973034,0.114146668872,0.114978455136,0.115682274283,0.117185887914,0.117697756385,0.117889707061,0.118593526208,0.119265353575,0.119777222045,0.12003315628,0.119585271369,0.119809213824,0.120257098736,0.119617263148,0.119969172721,0.120960917883,0.121216852118,0.121856687706,0.122272580838,0.122080630161,0.122848432867,0.123008391764,0.123168350661,0.124192087601,0.124639972513,0.124224079381,0.124320054719,0.123872169807,0.124096112263,0.124831923189,0.124927898527,0.12476793963,